"student_id","pre","gain","post"
"1",82.8215432970099,5.37214748561382,88.1936907826237
"2",42.9281156050875,18.2196166366339,61.1477322417213
"3",60.0455352470095,38.3236819505692,98.3692171975786
"4",20.2166982710097,9.48505962267518,29.7017578936849
"5",28.2399388978976,54.7860093787312,83.0259482766289
"6",48.8542312785136,47.7928900904953,96.647121369009
"7",21.979135610788,25.7004089467227,47.6795445575108
"8",58.9994394906776,0.677524283528328,59.6769637742059
"9",30.3822560479088,46.3967005722225,76.7789566201313
"10",37.0336756788828,33.1392231211066,70.1728987999895
"11",15.6987622823454,24.3668443895876,40.0656066719331
"12",16.3695881922753,19.0299590863287,35.399547278604
"13",40.4264021812622,19.8421314172447,60.2685335985069
"14",45.575689400783,33.735409155488,79.311098556271
"15",40.7802694452841,58.6031623743474,99.3834318196315
"16",7.89661331012665,43.9124761149287,51.8090894250554
"17",38.0234962466389,-2.16180179268122,35.8616944539577
"18",28.5742714056758,4.41100675612688,32.9852781618027
"19",28.9682066352514,60.5110583640635,89.4792649993149
"20",9.66294189930487,33.075464963913,42.7384068632178
"21",35.4782962456506,48.7000087834895,84.1783050291401
"22",54.1451870527158,45.8548129472842,100
"23",20.280481036407,46.1716535314917,66.4521345678987
"24",61.9661267490124,-4.73801421001554,57.2281125389969
"25",60.2433709184883,-4.56361608579755,55.6797548326908
"26",24.8241851089501,43.0615290813148,67.8857141902649
"27",25.875002316169,41.3407786563039,67.2157809724729
"28",31.4944811371496,9.90769559517502,41.4021767323247
"29",74.1869320305841,4.31183274835348,78.4987647789376
"30",54.5273951226336,21.3046268001199,75.8320219227535
"31",18.2507504758508,1.3751027174294,19.6258531932802
"32",82.1664320436342,-8.28557938337326,73.8808526602609
"33",23.367195754663,27.2818129323423,50.6490086870053
"34",63.107412641893,32.0734139531851,95.1808265950781
"35",24.371596280198,-5.72854332625866,18.6430529539394
"36",22.2434362244743,14.9351732619107,37.178609486385
"37",80.5951973672445,19.4048026327555,100
"38",26.6483084259189,2.75160804390907,29.399916469828
"39",50.6756432797973,49.3243567202027,100
"40",40.6249610162827,7.40210108458996,48.0270621008727
"41",16.0371941914834,6.44171517342329,22.4789093649067
"42",80.2384927386198,19.7615072613802,100
"43",30.9498180787935,43.0609659291804,74.0107840079739
"44",35.3044852324479,35.5618739500642,70.8663591825121
"45",8.32368361296468,65.3863494284451,73.7100330414098
"46",27.016818667169,21.8116958998144,48.8285145669834
"47",41.682362858599,26.6914565861225,68.3738194447215
"48",23.7484343313589,30.5098624527454,54.2582967841043
"49",18.0072262119778,49.6567659266293,67.6639921386071
"50",53.7174431076039,37.1638626977801,90.881305805384
"51",54.4352340395596,24.541226234287,78.9764602738466
"52",40.7601659364643,-6.77096627652645,33.9891996599379
"53",38.5731672643154,8.24574634432793,46.8189136086433
"54",25.924528713971,45.5901710875332,71.5146998015042
"55",59.4420012880564,37.3949171788991,96.8369184669555
"56",30.2242185967091,-8.62525513395667,21.5989634627524
"57",34.6880239165654,-7.49039398506284,27.1976299315026
"58",20.5005423586454,13.3130984194577,33.813640778103
"59",43.143341836788,-4.37113173305988,38.7722101037281
"60",18.5724800384256,19.7789269499481,38.3514069883737
"61",18.6968233548767,56.1197490431368,74.8165723980135
"62",39.1197703493438,21.725099477917,60.8448698272607
"63",71.9152876802009,6.53556752949953,78.4508552097005
"64",53.5736080768976,45.3240902908146,98.8976983677123
"65",35.5914665088562,64.4085334911438,100
"66",49.1805394570951,48.7303378246725,97.9108772817676
"67",43.7211220659436,-7.47284665703773,36.2482754089059
"68",42.6203314560932,13.725012447685,56.3453439037782
"69",50.5536995404908,-8.86019976809621,41.6934997723946
"70",39.8389534662029,21.0975865088403,60.9365399750432
"71",55.0820625415136,17.8406000323594,72.922662573873
"72",2.21580810805978,49.7641777805984,51.9799858886582
"73",26.1758414200923,69.1670235060155,95.3428649261078
"74",12.2812826131563,23.3442721702158,35.6255547833721
"75",32.6428035787969,30.4048978723586,63.0477014511554
"76",35.0584446057578,21.7929072678089,56.8513518735668
"77",21.6553042041797,38.5675090365112,60.2228132406909
"78",37.3875247463923,25.5245174281299,62.9120421745222
"79",29.8101393536299,18.6334512010217,48.4435905546515
"80",71.509856833701,11.5773444995284,83.0872013332294
"81",28.0033027725762,17.5618511252105,45.5651538977867
"82",3.86630316861032,62.5416741892695,66.4079773578798
"83",26.1558753012092,60.5410412512719,86.6969165524811
"84",0.691736309758053,49.2977211624384,49.9894574721964
"85",50.7039848732122,6.18902157992125,56.8930064531334
"86",68.3022091902,-5.78128816559911,62.5209210246009
"87",38.3098286520622,30.0766934081912,68.3865220602534
"88",39.4574809716638,41.5562092885375,81.0136902602013
"89",59.5923742960102,40.4076257039898,100
"90",23.4703653596113,5.46558020636439,28.9359455659757
"91",45.2692372121851,54.7307627878149,100
"92",2.5790694253298,13.9566925726831,16.5357619980129
"93",45.3824453938303,16.2051595002413,61.5876048940715
"94",47.3809070502943,13.4300094284117,60.810916478706
"95",54.8966578207391,45.1033421792609,100
"96",65.4678339891854,-7.22525468096137,58.2425793082241
"97",25.6188831341053,25.679698958993,51.2985820930983
"98",31.9867541435972,0.801583994179964,32.7883381377771
"99",27.0214552179606,23.553128298372,50.5745835163326
"100",5.19456411927016,26.3384997472167,31.5330638664869
