"student_id","pre","gain","post"
"1",82.8215432970099,-5.62641312805137,77.1951301689585
"2",42.9281156050875,13.4254698455334,56.3535854506208
"3",60.0455352470095,-3.11482276767492,56.9307124793346
"4",20.2166982710097,-3.27429194003344,16.9424063309763
"5",28.2399388978976,28.1032854132354,56.343224311133
"6",48.8542312785136,6.70562321320176,55.5598544917154
"7",21.979135610788,47.4718956835568,69.4510312943448
"8",58.9994394906776,14.4576991791049,73.4571386697824
"9",30.3822560479088,3.53500785306096,33.9172639009697
"10",37.0336756788828,40.7539544440806,77.7876301229634
"11",15.6987622823454,27.6777919754386,43.376554257784
"12",16.3695881922753,19.7944862768054,36.1640744690807
"13",40.4264021812622,8.95505303516984,49.381455216432
"14",16.85999885116,12.6973811164498,29.5573799676098
"15",40.7802694452841,-4.47635389864445,36.3039155466397
"16",7.89661331012665,66.5094339475036,74.4060472576302
"17",30.3715813114076,-9.25394615158439,21.1176351598232
"18",28.5742714056758,9.47341984137892,38.0476912470547
"19",28.9682066352514,22.8762693330646,51.844475968316
"20",9.66294189930487,4.07582864165306,13.7387705409579
"21",35.4782962456506,21.7641917429864,57.2424879886371
"22",54.1451870527158,11.0566475428641,65.2018345955799
"23",20.280481036407,6.47146139293909,26.7519424293461
"24",61.9661267490124,11.6539553925395,73.6200821415519
"25",60.2433709184883,4.85141493048493,65.0947858489733
"26",24.8241851089501,21.2989247404039,46.123109849354
"27",25.875002316169,30.1407013088465,56.0157036250155
"28",31.4944811371496,45.3316687420011,76.8261498791507
"29",74.1869320305841,3.12143798917532,77.3083700197594
"30",54.5273951226336,-2.95489881187677,51.5724963107569
"31",18.2507504758508,-1.63994424045086,16.6108062353999
"32",82.1664320436342,3.58354543375745,85.7499774773916
"33",23.367195754663,44.995337985456,68.362533740119
"34",63.107412641893,-8.19696877151728,54.9104438703758
"35",24.371596280198,-9.43000508472323,14.9415911954748
"36",22.2434362244743,57.3957156203687,79.639151844843
"37",80.5951973672445,12.9806524811863,93.5758498484308
"38",26.6483084259189,0.975133366882801,27.6234417928017
"39",50.6756432797973,-9.29407622665167,41.3815670531457
"40",40.6249610162827,-1.45742852240801,39.1675324938747
"41",16.0371941914834,65.3133681043982,81.3505622958816
"42",80.2384927386198,14.2366199754179,94.4751127140376
"43",31.9819344289222,-3.41366533190012,28.5682690970221
"44",35.3044852324479,2.17686731368303,37.4813525461309
"45",11.3842133553756,27.2196037322283,38.6038170876039
"46",27.016818667169,2.34372407197952,29.3605427391485
"47",35.14591739551,20.5484070628881,55.6943244583982
"48",7.06802243740661,14.4519443809986,21.5199668184052
"49",18.0072262119778,11.2080599740148,29.2152861859926
"50",53.7174431076039,2.92318187654018,56.6406249841441
"51",54.4352340395596,7.72286908701062,62.1581031265702
"52",40.7601659364643,-8.2971577718854,32.4630081645789
"53",38.5731672643154,20.4044243879616,58.977591652277
"54",25.924528713971,34.6501303464174,60.5746590603884
"55",59.4420012880564,33.1399380571713,92.5819393452278
"56",30.2242185967091,28.7398187071085,58.9640373038176
"57",34.6880239165654,45.6682521849871,80.3562761015525
"58",20.5005423586454,40.2109515108168,60.7114938694622
"59",43.143341836788,-7.22932573407888,35.9140161027091
"60",18.5724800384256,4.48488261550665,23.0573626539323
"61",18.6968233548767,-8.10195615515113,10.5948671997255
"62",39.1197703493438,25.4258538596332,64.545624208977
"63",46.3056156567906,46.2573018670082,92.5629175237988
"64",53.5736080768976,5.15374394133687,58.7273520182345
"65",35.5914665088562,7.11521122604609,42.7066777349023
"66",49.1805394570951,21.0521350242198,70.2326744813149
"67",43.7211220659436,-1.33818628266454,42.3829357832791
"68",42.6203314560932,24.254289790988,66.8746212470812
"69",50.5536995404908,12.3300565205056,62.8837560609965
"70",39.8389534662029,-8.03908724337816,31.7998662228248
"71",55.0820625415136,-5.40566697716713,49.6763955643465
"72",2.21580810805978,14.0915563330054,16.3073644410652
"73",54.8613076234821,21.6009943559766,76.4623019794587
"74",12.2812826131563,67.1841208264232,79.4654034395794
"75",32.6428035787969,2.31600554659963,34.9588091253965
"76",35.0584446057578,24.9938519485295,60.0522965542873
"77",21.6553042041797,-4.23872321844101,17.4165809857387
"78",37.3875247463923,14.9677708372474,52.3552955836397
"79",29.8101393536299,46.9311034679413,76.7412428215711
"80",71.509856833701,-8.83456341922283,62.6752934144782
"81",28.0033027725762,27.2441546618938,55.24745743447
"82",3.86630316861032,60.3825853206217,64.248888489232
"83",26.1558753012092,1.00335322320461,27.1592285244138
"84",0.691736309758053,28.6493269354105,29.3410632451686
"85",50.7039848732122,25.7383054494858,76.4422903226979
"86",68.3022091902,0.97630275413394,69.2785119443339
"87",49.3874644747767,49.2577168904245,98.6451813652012
"88",39.4574809716638,-4.50784385204315,34.9496371196206
"89",59.5923742960102,32.5016804970801,92.0940547930903
"90",23.4703653596113,19.5262829400599,42.9966482996712
"91",45.2692372121851,-2.31067731976509,42.95855989242
"92",2.5790694253298,47.2825090773404,49.8615785026702
"93",45.3824453938303,21.3711309805512,66.7535763743815
"94",47.3809070502943,-2.46637728065252,44.9145297696417
"95",54.8966578207391,24.0918702248408,78.9885280455799
"96",65.4678339891854,17.1179147996008,82.5857487887863
"97",25.6188831341053,-4.20975288376212,21.4091302503432
"98",31.9867541435972,20.924589689821,52.9113438334182
"99",27.0214552179606,41.569756846875,68.5912120648356
"100",2.78669151959973,15.8337617479265,18.6204532675262
"101",45.575689400783,26.5397449326541,72.115434333437
"102",38.0234962466389,22.6582715846598,60.6817678312988
"103",30.9498180787935,16.4180992357433,47.3679173145367
"104",28.5593056451583,53.4039998799562,81.9633055251145
"105",41.682362858599,41.4538593577648,83.1362222163638
"106",23.7484343313589,-1.4157509803772,22.3326833509817
"107",71.9152876802009,10.0863491146493,82.0016367948503
"108",26.1758414200923,37.0323384925723,63.2081799126646
"109",38.3098286520622,15.5198423564434,53.8296710085056
"110",5.19456411927016,39.8984404094517,45.0930045287219
"111",8.32368361296468,25.4063138924539,33.7299975054186
"112",9.12014405602622,20.2242580242455,29.3444020802717
"113",36.3320124713739,25.6217104755342,61.9537229469081
"114",51.0540487987238,24.5787956379354,75.6328444366592
"115",26.75691433976,20.9399833343923,47.6968976741523
"116",42.9291959458532,20.0324676372111,62.9616635830642
"117",25.7416943089165,-4.94832754135132,20.7933667675652
"118",22.22765347007,15.0326428748667,37.2602963449368
"119",47.3411526062879,0.273575503379107,47.614728109667
"120",7.96913840568088,35.4563711956143,43.4255096012952
"121",58.3669208549498,27.4338652379811,85.8007860929309
"122",44.9806709563344,38.0193873681128,83.0000583244472
"123",42.733961232762,37.2956435009837,80.0296047337457
"124",9.41651555981848,46.4772836118936,55.8937991717121
"125",38.7159952377336,2.05967411398888,40.7756693517225
"126",72.1590669817156,-5.10575417429209,67.0533128074235
"127",4.30710648127382,42.7859785594046,47.0930850406784
"128",27.9534770528369,5.5582083016634,33.5116853545003
"129",70.237729150829,25.6132145039737,95.8509436548028
"130",24.1118573320589,9.92153147235513,34.033388804414
"131",67.8602485343229,6.27365726497712,74.1339057993001
"132",10.27056553541,45.1125913858414,55.3831569212513
"133",50.3673147820043,19.3691822700202,69.7364970520245
"134",67.7911829904242,1.09593717381358,68.8871201642378
"135",31.4546442665611,53.7007356248796,85.1553798914407
"136",42.4671530934798,28.1899130530655,70.6570661465453
"137",45.8203085091669,23.6843478307128,69.5046563398797
"138",12.1149155004559,-2.66860542818904,9.44631007226684
"139",48.5423448083686,-3.92025709152222,44.6220877168464
"140",72.1303374151038,12.8583138948171,84.9886513099209
"141",67.0229301420839,3.12942875549197,70.1523588975758
"142",52.5698879491258,46.971592400223,99.5414803493488
"143",65.0017883710151,27.8812785518521,92.8830669228672
"144",67.6975476646974,26.3868416659534,94.0843893306508
"145",40.9215650651956,21.202547699213,62.1241127644086
"146",48.1014041511762,46.5735133737326,94.6749175249088
"147",20.6230705486272,-9.04704129323363,11.5760292553935
"148",85.4676694424772,-4.19686743469427,81.2708020077829
"149",30.304486669392,22.9280868172646,53.2325734866565
"150",36.5220615195764,-8.22395896539092,28.2981025541855
"151",68.5350771427096,16.3548921694503,84.8899693121598
"152",67.7650663244696,23.1594407372177,90.9245070616873
"153",58.4123072151171,15.3089477273112,73.7212549424283
"154",73.7233797028078,7.70972091704607,81.4331006198538
"155",30.0576728199562,3.72807973995805,33.7857525599143
"156",46.3720506656184,24.4235882349312,70.7956389005496
"157",58.3760876160105,12.1585715562105,70.534659172221
"158",19.280439937574,12.4982072412968,31.7786471788708
"159",43.5217348968414,40.7802351750433,84.3019700718847
"160",30.2701273780442,31.2172123789787,61.4873397570229
"161",78.3029341101355,14.9887812137604,93.2917153238959
"162",26.1974137751634,-3.43617621809244,22.7612375570709
"163",19.23496921435,49.6271652169526,68.8621344313026
"164",22.3328435742932,-2.62285662814975,19.7099869461434
"165",34.8363021138138,49.0012915618718,83.8375936756856
"166",30.7408405207162,8.85588940232992,39.5967299230461
"167",6.03624988085271,16.3028427958488,22.3390926767016
"168",4.50435057615077,55.7049059122801,60.2092564884309
"169",50.7763383626358,26.3537835329771,77.1301218956129
"170",27.5347611138774,-1.84239972382784,25.6923613900496
"171",3.93450811245376,25.4467162676156,29.3812243800693
"172",12.1442727024992,15.7419089414179,27.8861816439171
"173",11.0473709120018,39.9573686718941,51.0047395838959
"174",4.11499180778279,28.5931027680635,32.7080945758463
"175",0.910492693748552,38.725086543709,39.6355792374576
"176",32.7029435246968,41.6436294279993,74.3465729526961
"177",12.0233562996149,50.7102473638952,62.73360366351
"178",17.9166193544874,17.2475883737206,35.164207728208
"179",43.6113026255413,33.1734738498926,76.784776475434
"180",20.3072905265139,1.96999091655016,22.2772814430641
"181",5.07186829669902,9.30317906434136,14.3750473610404
"182",16.1014843495894,50.862000528723,66.9634848783124
"183",47.0692598581706,16.066762637347,63.1360224955176
"184",7.93187310912323,35.168899204582,43.1007723137052
"185",75.8130918833511,-5.24187451228499,70.5712173710661
"186",39.0668827085539,34.5801198237344,73.6470025322883
"187",70.1970723597622,17.7805153595212,87.9775877192834
"188",36.2323051874395,26.951693687588,63.1839988750275
"189",36.9663777862645,57.0801568590105,94.0465346452749
"190",29.691376857593,12.5424432754517,42.2338201330447
"191",36.0936475000166,11.4569833129644,47.550630812981
"192",42.7864125103709,-4.97393097728491,37.812481533086
"193",43.8388177091681,31.864961925894,75.7037796350621
"194",3.59850340766013,10.633939076215,14.2324424838752
"195",38.1964472692569,21.6850336454809,59.8814809147377
"196",42.9326867271371,-6.02296015247703,36.9097265746601
"197",41.152633607543,22.5861175917089,63.7387511992519
"198",10.683457563753,22.292981557548,32.9764391213011
"199",9.77564829205872,26.4257266372442,36.2013749293029
"200",24.1652296770139,1.36693682521582,25.5321665022297
"201",27.7029667113507,69.4244213216007,97.1273880329514
"202",74.4462027034693,-4.40423274690653,70.0419699565628
"203",15.513803938204,11.258930452168,26.7727343903719
"204",72.6991786016561,3.32350609824061,76.0226846998967
"205",21.9059449957608,68.448567930609,90.3545129263698
"206",13.7223948938834,28.9505398459733,42.6729347398567
"207",13.9170962036688,63.8229608535767,77.7400570572455
"208",21.3275923915988,2.74914661422372,24.0767390058225
"209",35.5719897637369,46.9059594161808,82.4779491799177
"210",75.8176106206514,8.31163692853509,84.1292475491864
"211",41.0923032852239,-3.01585564389825,38.0764476413257
"212",20.9299329218763,21.1163472943008,42.0462802161771
"213",48.378490627221,31.1577250435948,79.5362156708158
"214",37.2491695625019,14.3462697230279,51.5954392855299
"215",40.1131780362703,21.3583978451788,61.4715758814492
"216",27.5075404769378,28.2975566387177,55.8050971156555
"217",45.8651772403395,9.99896204099059,55.8641392813301
"218",35.6116072894226,-5.86971033364534,29.7418969557772
"219",45.211689343799,23.8767657615244,69.0884551053234
"220",10.3693447413114,62.1913651376963,72.5607098790077
"221",21.2633015161386,-8.13660791143775,13.1266936047008
"222",45.5307800523075,0.00710533931851387,45.5378853916261
"223",26.7411970799824,-1.15722492337227,25.5839721566102
"224",47.6583098493193,38.3103399025726,85.9686497518918
"225",10.3266653977505,-9.46105791255832,0.865607485192214
"226",66.2802306459892,18.6188461259007,84.89907677189
"227",11.458112725507,13.6617351323366,25.1198478578437
"228",29.637950743009,38.1919444166124,67.8298951596213
"229",11.0019524276503,26.2167547643185,37.2187071919687
"230",10.9326154754982,13.3799586445093,24.3125741200075
"231",49.5782900545992,19.4787643477321,69.0570544023312
"232",62.1533201507112,18.081959169358,80.2352793200692
"233",25.073521890254,41.5928760543466,66.6663979446006
"234",6.80768310062822,-5.91011434793472,0.897568752693498
"235",14.5962464574323,4.76692121475935,19.3631676721917
"236",50.3248556215028,21.8962671235204,72.2211227450232
"237",30.3075005048084,-5.67505149170756,24.6324490131008
"238",0.277760345045763,18.8568304292858,19.1345907743315
"239",53.2536265673484,25.4179643467069,78.6715909140552
"240",55.6639228053961,10.8485823869705,66.5125051923666
"241",52.0940545237517,2.41918465122581,54.5132391749775
"242",62.1660827779872,25.7726088477327,87.93869162572
"243",6.76957020841828,22.2615287825465,29.0310989909648
"244",56.9869684066233,8.20326469838619,65.1902331050095
"245",53.4786552467557,46.079255156219,99.5579104029747
"246",10.3270842064795,17.938791718334,28.2658759248135
"247",14.4352029876784,0.839126780629158,15.2743297683076
"248",78.5654019542237,9.38816457986832,87.9535665340921
"249",24.3943698697145,2.81597130000591,27.2103411697204
"250",26.3723018662169,14.3894494697452,40.761751335962
"251",56.7266636051391,32.1934619545937,88.9201255597328
"252",49.2348851956095,-0.0960615091025829,49.138823686507
"253",14.1657186596019,7.38275211304426,21.5484707726462
"254",23.4840212643807,4.53633109107614,28.0203523554568
"255",41.094395995465,-5.88995505124331,35.2044409442217
"256",11.5011944455689,9.95945805683732,21.4606525024062
"257",14.9443069736817,42.847301363945,57.7916083376268
"258",52.0249000147473,22.8002665564418,74.8251665711891
"259",66.5435511826772,2.77817913514244,69.3217303178197
"260",33.9059797598629,46.2288145907223,80.1347943505852
"261",49.2997105196049,30.2889136224985,79.5886241421034
"262",68.2228519340415,3.03248390729804,71.2553358413395
"263",12.2346179765915,31.749448236078,43.9840662126695
"264",6.95214707637515,46.3168025203049,53.2689495966801
"265",25.8696928406599,-3.91725610941648,21.9524367312434
"266",14.4512445336447,20.6433911435306,35.0946356771753
"267",33.6709345324459,-1.94694068282843,31.7239938496175
"268",53.6587642228827,-7.25745152682066,46.401312696062
"269",64.8728332934613,18.0677299201488,82.9405632136102
"270",18.7142256873775,22.3216031119227,41.0358287993002
"271",50.0204601656912,31.6282976046205,81.6487577703117
"272",40.7184245589299,33.537011295557,74.255435854487
"273",56.6619724319922,6.0714571736753,62.7334296056675
"274",19.1943963773222,69.7819124534726,88.9763088307949
"275",21.5730391146844,3.01507888361812,24.5881179983025
"276",65.8665113825835,22.4913794832489,88.3578908658324
"277",41.728757389357,19.1960058920085,60.9247632813655
"278",8.73975176133583,14.4782940298319,23.2180457911677
"279",4.84656615487478,35.1880861446261,40.0346522995009
"280",50.9695909590622,39.8815990053117,90.8511899643739
"281",39.5228945503742,33.4242470189929,72.9471415693671
"282",33.5878092896946,53.4416238218546,87.0294331115491
"283",37.5654486827287,28.8349354825914,66.4003841653201
"284",35.4356569730252,35.0615424476564,70.4971994206816
"285",50.9541310889171,25.9701099060476,76.9242409949647
"286",32.0733240412806,53.9528868719935,86.0262109132742
"287",38.1935632161374,52.7430723793805,90.9366355955178
"288",57.4469221474751,27.73936110954,85.1862832570151
"289",96.1939906522865,-13.9383435379833,82.2556471143033
"290",69.7147859349484,-8.05235914885998,61.6624267860884
"291",11.7970178751877,53.6069218255579,65.4039397007456
"292",42.2854435625566,46.4842654880976,88.7697090506541
"293",21.6923127592779,30.3311676718295,52.0234804311074
"294",52.3764100742609,35.2762431837618,87.6526532580228
"295",40.4589638470903,-9.67185348272324,30.787110364367
"296",24.2584831020065,34.6667614579201,58.9252445599265
"297",37.1911784608493,38.5806243866682,75.7718028475174
"298",38.8697621151795,24.8996091075242,63.7693712227036
"299",8.2524780064347,28.8950636424124,37.1475416488471
"300",36.0886764011782,-8.0709121748805,28.0177642262977
"301",14.68795093368,11.2416712939739,25.9296222276539
"302",61.3178322636648,26.8085017548334,88.1263340184982
"303",41.5954692512356,45.3495072200894,86.9449764713251
"304",58.6946703145947,-2.51057116314769,56.184099151447
"305",28.1586581078419,1.21213149279356,29.3707896006354
"306",15.8419291409686,60.8680364303291,76.7099655712977
"307",12.109705504114,40.7887778803706,52.8984833844846
"308",32.6544875479984,25.5089143849909,58.1634019329894
"309",26.318612028026,-0.344678554683924,25.9739334733421
"310",5.02101835048066,9.34067683294415,14.3616951834248
"311",36.7865142893699,27.3601447790861,64.146659068456
"312",49.5721815911882,-4.54196933656931,45.0302122546189
"313",16.1253852326048,59.436152651906,75.5615378845109
"314",24.7832754328657,33.0178231187165,57.8010985515822
"315",29.0901406111904,15.7376432791352,44.8277838903256
"316",14.6059382325323,43.0225469917059,57.6284852242381
"317",4.92370938095373,9.54070759937167,14.4644169803254
"318",3.74135140589016,-2.35302476212382,1.38832664376634
"319",23.1154847608106,9.67314882203937,32.7886335828499
"320",48.2533586167833,22.1824453026056,70.4358039193889
"321",28.7133421646706,31.0621366277337,59.7754787924043
"322",7.31951665346149,30.594315752387,37.9138324058485
"323",56.2307559644346,34.4445616751909,90.6753176396256
"324",19.3390544889957,62.8586938232183,82.197748312214
"325",10.5408922169792,27.9535032995045,38.4943955164838
"326",5.6265691569702,34.7317680157721,40.3583371727423
"327",62.8960566453166,24.665516577661,87.5615732229776
"328",59.7154463602747,4.3953806720674,64.1108270323421
"329",62.8699072477006,-7.31638750061393,55.5535197470867
"330",43.5941134324393,17.2856182418764,60.8797316743156
"331",53.2769414358564,20.7653177343309,74.0422591701873
"332",33.1946310555417,-4.05391309410334,29.1407179614384
"333",84.4401833898193,-6.54690027236938,77.8932831174499
"334",23.9281235701142,64.6111324988306,88.5392560689448
"335",26.8656169096728,-3.09514297172427,23.7704739379485
"336",43.3580143734459,10.6522115506232,54.0102259240691
"337",36.1792848942943,-3.01790608093143,33.1613788133629
"338",30.5184727638418,51.9183486141265,82.4368213779683
"339",13.4063367898249,36.4860382862389,49.8923750760638
"340",28.6718230375482,-4.03531089425087,24.6365121432973
"341",26.9028197302347,4.14054388180375,31.0433636120384
"342",52.4324153871666,22.8823414222567,75.3147568094233
"343",43.048627567972,8.96656615659595,52.015193724568
"344",12.1785382077858,31.2120001763105,43.3905383840964
"345",6.35451141804422,18.1330246664584,24.4875360845026
"346",14.073703485381,30.3928110376,44.466514522981
"347",56.8903922333417,22.8335554897785,79.7239477231202
"348",4.04374955229385,27.5207105465233,31.5644600988172
"349",86.3366280460715,-12.7817174518816,73.5549105941898
"350",3.06044590560498,12.9573335298514,16.0177794354563
"351",62.9585660745824,20.0470275245607,83.0055935991431
"352",43.9269710379203,41.2697373516858,85.1967083896061
"353",31.9872558172329,31.7564680241048,63.7437238413378
"354",53.987465556999,-7.42581838741899,46.56164716958
"355",64.6737107030321,-0.12453306917071,64.5491776338614
"356",24.0165377645143,3.9016424678266,27.9181802323409
"357",0.921250073219028,17.5387729890645,18.4600230622835
"358",40.4174509424545,43.6106130853295,84.028064027784
"359",86.0657802557889,-8.84520284034821,77.2205774154407
"360",66.4592657559426,9.439163129524,75.8984288854666
"361",11.0005442381815,13.6494702473283,24.6500144855097
"362",56.1841066916536,-6.6428941488266,49.541212542827
"363",74.804799033155,10.6102222405225,85.4150212736775
"364",57.3513285828988,22.3623274825513,79.7136560654501
"365",25.233823009481,5.7178920507431,30.9517150602241
"366",38.4169500877994,19.8977324739099,58.3146825617093
"367",80.8815185518615,1.03613603278582,81.9176545846474
"368",12.7618945744436,33.2606161572039,46.0225107316475
"369",60.2106516959215,14.2979961261153,74.5086478220368
"370",53.9986420199544,30.1500496469426,84.148691666897
"371",43.6005738798769,22.6578988134861,66.258472693363
"372",49.1878184557525,18.9788496680558,68.1666681238083
"373",5.26625647445653,64.7492027841508,70.0154592586074
"374",7.4782556544777,4.44499017670751,11.9232458311852
"375",19.2406305624894,62.0133730955422,81.2540036580316
"376",15.525473811133,13.5272207669914,29.0526945781244
"377",6.3807293638095,63.1075862422585,69.488315606068
"378",37.4509787042199,42.1516003459692,79.6025790501891
"379",17.1182110423373,26.0812816768885,43.1994927192257
"380",67.073847114627,25.8751376497045,92.9489847643315
"381",59.3733158026853,12.0947555562474,71.4680713589326
"382",22.1947916528846,36.7637017183006,58.9584933711852
"383",33.1591764584786,-5.69931918755174,27.4598572709268
"384",20.1318810277767,-3.99200458079576,16.1398764469809
"385",32.2489950019834,20.8498371019959,53.0988321039794
"386",49.1758073491126,8.28292926773429,57.4587366168469
"387",44.0207720903212,30.2813615697967,74.3021336601179
"388",31.8877309139399,26.1538408137858,58.0415717277257
"389",64.3550461779366,26.6773629561067,91.0324091340433
"390",32.7954161072959,47.9098440147936,80.7052601220896
"391",20.3437004270189,36.3353231735528,56.6790236005717
"392",1.41257025692911,2.75519955903292,4.16776981596202
"393",18.7377677667742,-0.428302846848965,18.3094649199253
"394",60.6808878307923,12.9832550907602,73.6641429215525
"395",16.7356803671175,60.8586316183209,77.5943119854385
"396",37.6429997817812,32.4464458227158,70.089445604497
"397",62.1403150427953,10.0630255843284,72.2033406271237
"398",14.8042115989469,68.8102123141288,83.6144239130757
"399",54.1624929075759,26.625204347074,80.7876972546499
"400",48.0144086561449,34.7439170256257,82.7583256817706
"401",33.8340578282991,-4.13852335885167,29.6955344694474
"402",23.408759897103,34.283992536366,57.692752433469
"403",20.543063269881,25.2380422130227,45.7811054829037
"404",57.2315820533382,37.2209529918099,94.4525350451482
"405",27.0899414264553,25.4497172310948,52.5396586575502
"406",4.64114322055458,28.415899630636,33.0570428511905
"407",75.0998492523368,17.3603974682137,92.4602467205505
"408",44.867849846878,54.8534832708538,99.7213331177318
"409",9.40816075955149,5.12179218032719,14.5299529398787
"410",73.0498177521553,24.8735908418894,97.9234085940447
"411",24.6938132900557,-5.19465828314424,19.4991550069115
"412",7.07075678509986,6.91286418586969,13.9836209709696
"413",9.35473285750369,15.319185256958,24.6739181144617
"414",27.516058504821,-8.31416878849268,19.2018897163283
"415",15.3728137706206,9.55514071509242,24.9279544857131
"416",67.2463207924867,21.5115731610691,88.7578939535557
"417",17.1414390526579,18.3717265725136,35.5131656251715
"418",43.2732703649043,7.43292072787881,50.7061910927831
"419",52.7296027374418,4.43036137148738,57.1599641089292
"420",52.142075603983,-1.89726954326034,50.2448060607227
"421",54.6363692116262,22.1168379671872,76.7532071788133
"422",43.0552305646491,14.0168807469308,57.07211131158
"423",13.1573633832132,-3.44675581902266,9.71060756419049
"424",27.8075271773936,30.3469696082175,58.1544967856111
"425",65.5944890222423,13.8919738866389,79.4864629088812
"426",34.3354759564047,9.69132186844945,44.0267978248541
"427",15.7675306565387,41.5109381265938,57.2784687831325
"428",93.6708613080022,-25.7534352244438,67.9174260835584
"429",36.9759400432414,17.7675471454859,54.7434871887273
"430",37.6909040983934,47.9245837591588,85.6154878575523
"431",42.1580308194454,8.83666520938277,50.9946960288282
"432",70.1572346688613,16.1093290474991,86.2665637163605
"433",74.7961767282006,0.945816431194544,75.7419931593951
"434",19.859918944824,6.397575866431,26.257494811255
"435",59.829388149634,12.1769876033068,72.0063757529408
"436",31.7264649395445,-4.96186388656497,26.7646010529795
"437",14.5820858774718,21.6230876371264,36.2051735145983
"438",4.4330554228339,8.93215280026197,13.3652082230959
"439",39.3349951851937,8.72218504548073,48.0571802306744
"440",15.2452867814943,0.749260447919369,15.9945472294137
"441",10.78366823925,9.99321764335036,20.7768858826004
"442",28.0460091508539,44.0836300887167,72.1296392395707
"443",14.6562846920461,36.2998349033296,50.9561195953757
"444",19.5502023359068,25.2269435301423,44.7771458660492
"445",21.5715452114536,44.5267278887331,66.0982731001868
"446",0.967588632799433,6.06532391160727,7.0329125444067
"447",31.6071041628929,31.1495369486511,62.756641111544
"448",47.1633865025754,28.70530821383,75.8686947164054
"449",36.1349668992587,-8.75214997678995,27.3828169224687
"450",17.1113607096683,39.2597912251949,56.3711519348632
"451",50.2436088125588,14.8750014044344,65.1186102169932
"452",17.3111809552891,-5.14905102550983,12.1621299297793
"453",13.2580154585596,15.7136472500861,28.9716627086457
"454",48.0817779585594,3.09114400297403,51.1729219615334
"455",20.052706357029,-7.44978168979287,12.6029246672361
"456",5.44209576641149,64.4441898912191,69.8862856576306
"457",21.5283176400936,21.9030138105154,43.431331450609
"458",17.2423183134534,20.951663441956,38.1939817554094
"459",28.2953517277728,18.1208918057382,46.4162435335111
"460",21.2472366871381,57.7592938020825,79.0065304892206
"461",6.0910804164614,-4.44023797288537,1.65084244357603
"462",51.267597783401,8.17119481042027,59.4387925938212
"463",25.176358301421,30.7805401086807,55.9568984101017
"464",65.9709651513435,1.84033716525194,67.8113023165955
"465",37.2107071627221,-4.7949749045074,32.4157322582147
"466",13.0853739798506,2.37165177240968,15.4570257522603
"467",52.5191951252495,34.0586692937081,86.5778644189576
"468",12.4493813849439,29.3735331110656,41.8229144960096
"469",17.1087704730912,48.0298941582441,65.1386646313353
"470",42.1544021625021,17.8227916918695,59.9771938543715
"471",6.64304667699542,38.0524642951787,44.6955109721741
"472",11.4655019266716,24.7036360576749,36.1691379843465
"473",43.0054259334569,24.204283747822,67.209709681279
"474",32.2827685221264,46.7327358014881,79.0155043236146
"475",30.9310617980324,38.3906085789204,69.3216703769527
"476",44.6590363461392,10.5234822444618,55.182518590601
"477",19.6536746346669,43.1901306286454,62.8438052633123
"478",49.2349462886,29.7208263725042,78.9557726611042
"479",52.1452524036753,17.5691770389676,69.7144294426429
"480",33.2929367643005,11.6622655652463,44.9552023295468
"481",64.1868070193854,-1.72060469165444,62.466202327731
"482",3.716968347986,-0.843718759323409,2.87324958866259
"483",28.670473839736,-8.85370451956987,19.8167693201662
"484",20.847916779666,7.18307876959443,28.0309955492605
"485",45.5297276347297,24.0571701526642,69.5868977873939
"486",39.3551072606535,55.6207589432597,94.9758662039133
"487",38.6005587830353,10.1966619305313,48.7972207135666
"488",7.28667651308012,9.79427909478545,17.0809556078656
"489",9.89402426969014,21.8511789850891,31.7452032547792
"490",19.4885514042503,5.76601969078183,25.2545710950321
"491",33.081389501985,9.67861868441105,42.7600081863961
"492",22.8393011634379,58.5940585099161,81.433359673354
"493",16.9645615659992,16.4362915046513,33.4008530706505
"494",19.1546398017489,3.03037241101265,22.1850122127615
"495",15.3303817086255,-6.39526920393109,8.93511250469443
"496",59.8348217470511,-6.17204416543245,53.6627775816186
"497",10.739868872176,17.6251802220941,28.36504909427
"498",75.1576515116068,4.70975464211855,79.8674061537254
"499",19.2848368568508,22.597700227052,41.8825370839028
"500",16.7743104552039,26.8460933119059,43.6204037671097
"501",40.9824172359211,-8.54696176946163,32.4354554664595
"502",32.4234493498291,1.19369152933359,33.6171408791627
"503",18.7790137082981,-8.38073689490557,10.3982768133925
"504",25.4196127090567,35.9568134136498,61.3764261227065
"505",14.1266880097791,9.80911096557975,23.9357989753589
"506",30.5061383864472,3.06989781558514,33.5760362020324
"507",24.1190994443866,6.98568753898144,31.1047869833681
"508",79.2051419250388,19.6580104343593,98.8631523593981
"509",47.8095530131766,32.6339660771191,80.4435190902957
"510",58.3475872547339,15.6002499349415,73.9478371896755
"511",2.78774791741517,-0.821713712066412,1.96603420534876
"512",11.2570222884588,50.4257350228727,61.6827573113315
"513",35.5845180514966,14.6780333295465,50.262551381043
"514",48.2964541220765,48.6150911077857,96.9115452298622
"515",45.1042094098074,34.2829622887075,79.3871716985149
"516",7.8543952246719,19.4940267316997,27.3484219563716
"517",14.4784322744228,4.53825294971466,19.0166852241374
"518",30.5794258638228,32.9466590285301,63.526084892353
"519",43.7712005195422,20.3157808631659,64.0869813827081
"520",22.5759333619761,51.3974312320352,73.9733645940113
"521",42.1340555911099,-8.63690420985222,33.4971513812577
"522",6.91048249376076,41.9372709840536,48.8477534778144
"523",42.4299769606545,40.6718348897993,83.1018118504538
"524",48.0953499931742,-6.35155208408833,41.7437979090859
"525",18.6364739486543,37.9701806418598,56.6066545905141
"526",34.4110401467281,25.0736011937261,59.4846413404541
"527",13.3581995925552,-1.97672177106142,11.3814778214938
"528",55.5473555114463,24.4374420121312,79.9847975235776
"529",46.2899047097865,23.301880043,69.5917847527865
"530",27.01567955619,43.5471368394792,70.5628163956692
"531",3.85714730030002,52.8447918407619,56.7019391410619
"532",12.8802980266521,20.018757879734,32.8990559063862
"533",30.0103348828879,32.3512782901525,62.3616131730405
"534",20.4968277799869,32.5231247022748,53.0199524822617
"535",6.95482587640797,50.2928760461509,57.2477019225589
"536",18.2048406368811,38.3747524395585,56.5795930764396
"537",6.37615354890031,32.2654657438397,38.64161929274
"538",46.8257362207409,0.0934693403542042,46.9192055610951
"539",93.7107242870665,-4.56725424155593,89.1434700455105
"540",76.139234360003,11.5210855379701,87.660319897973
"541",39.9316914052044,-3.5299707017839,36.4017207034205
"542",42.001397606735,24.9408105015755,66.9422081083105
"543",2.54088815255064,2.03214578330517,4.5730339358558
"544",7.67966416607759,25.8773156255484,33.556979791626
"545",49.4390022193758,24.4568354636431,73.8958376830188
"546",59.5336448172873,4.20313335955143,63.7367781768387
"547",12.249734488494,8.83969021961093,21.0894247081049
"548",51.5686631916477,25.810107216239,77.3787704078867
"549",13.4187287992084,53.516083303839,66.9348121030474
"550",21.0244319349884,12.5953209027648,33.6197528377532
"551",19.6608017764043,37.2213198617101,56.8821216381144
"552",49.3359983803526,40.8088581822813,90.1448565626338
"553",15.000993300074,25.1415946520865,40.1425879521605
"554",23.6111090541283,2.30109427124262,25.9122033253709
"555",56.9977420172683,16.346272751689,73.3440147689573
"556",72.1183209762476,16.6201659478247,88.7384869240724
"557",58.4560226451937,12.61889835781,71.0749210030037
"558",9.54524004412756,28.7012379430234,38.246477987151
"559",12.9041524065741,-3.09109847992659,9.81305392664751
"560",46.1594975141939,24.9347425624728,71.0942400766667
"561",65.9468574194736,10.9599484875798,76.9068059070535
"562",21.1163473587012,7.37206721678376,28.488414575485
"563",29.5669493178738,23.9829148724675,53.5498641903414
"564",51.428614448915,40.1311158575118,91.5597303064267
"565",39.2654967720013,34.2230920679867,73.4885888399881
"566",18.048053864817,31.9793901778758,50.0274440426928
"567",21.1423214371513,46.7189065553248,67.8612279924761
"568",18.8135543182216,40.8610687404871,59.6746230587087
"569",43.898286179597,24.4464592076838,68.3447453872808
"570",51.0193116180902,6.5240784175694,57.5433900356596
"571",53.0240239876103,12.3782351985574,65.4022591861677
"572",33.7318100372896,17.768179345876,51.4999893831656
"573",11.6830521840928,62.7351442724466,74.4181964565394
"574",58.1064742990862,5.71692559868097,63.8233998977671
"575",77.0275981066373,17.7900026319456,94.8176007385829
"576",54.0641535696477,7.2390297614038,61.3031833310515
"577",48.5254172518712,19.6798641979694,68.2052814498406
"578",13.8579666633289,57.981515545398,71.8394822087269
"579",28.7406489988006,-1.36655302718282,27.3740959716178
"580",25.3867244221691,7.28453574702144,32.6712601691905
"581",21.6606211610284,48.4591536968946,70.119774857923
"582",11.3554482959121,3.96977724507451,15.3252255409866
"583",34.6067392405798,33.2387397624552,67.845479003035
"584",34.910879452882,43.4139138832688,78.3247933361508
"585",55.7499123400942,4.01235446333885,59.7622668034331
"586",49.2757830886365,49.2843671515584,98.5601502401949
"587",18.3142965038681,37.8329983539879,56.147294857856
"588",41.1536518455386,34.8260691389441,75.9797209844827
"589",65.2632739239314,-2.33173720538616,62.9315367185453
"590",23.6982666898566,9.47528261691332,33.1735493067699
"591",18.5514066048328,38.5233612544835,57.0747678593163
"592",19.2156900114858,49.0132447145879,68.2289347260737
"593",12.7444051372612,50.3421298228204,63.0865349600816
"594",44.0017855175577,41.7948666028678,85.7966521204256
"595",22.7864948848855,48.595217205584,71.3817120904695
"596",68.574004778223,0.585074260456807,69.1590790386798
"597",34.2122802889807,21.9482778571546,56.1605581461353
"598",52.9972231131447,-5.73502045124769,47.262202661897
"599",27.6689346230436,29.0656118839979,56.7345465070415
"600",63.1764899235563,36.1342590302229,99.3107489537792
"601",44.5475492526675,-0.722534749656916,43.8250145030106
"602",58.0416524195686,38.6755997315049,96.7172521510735
"603",57.2962355029997,39.1430826671422,96.4393181701419
"604",46.1606972898152,14.2575895227492,60.4182868125643
"605",56.9811157782004,-2.42165733128786,54.5594584469125
"606",33.0323655460171,-2.58328422904015,30.4490813169769
"607",16.7291443484004,41.1477894894779,57.8769338378783
"608",29.5004840561617,16.3055823929608,45.8060664491224
"609",23.6773076212259,19.4086868688464,43.0859944900724
"610",41.9300214879749,3.3195680193603,45.2495895073352
"611",81.4849396754776,-5.00506073507395,76.4798789404037
"612",41.8463498332258,4.61317077279091,46.4595206060167
"613",37.0975504978565,55.0988057255745,92.196356223431
"614",6.71115727641449,34.4033630378544,41.1145203142689
"615",11.0636917256532,6.64882337674499,17.7125151023982
"616",23.9160138822526,54.8265847191214,78.742598601374
"617",45.1434163839078,10.0113165564835,55.1547329403913
"618",62.78483585636,8.52455787004917,71.3093937264091
"619",26.1525975158272,28.993161469698,55.1457589855251
"620",74.3688144327167,18.0899602043583,92.458774637075
"621",29.4512333085957,26.5399815328419,55.9912148414376
"622",64.1875377098094,10.3872976265848,74.5748353363941
"623",36.0232533654612,1.80111976340413,37.8243731288653
"624",41.3542753020513,25.787462554872,67.1417378569233
"625",74.7843213924163,13.2677899673581,88.0521113597744
"626",7.06017837510601,23.2871306315064,30.3473090066125
"627",41.653904449536,-1.0793942026794,40.5745102468566
"628",13.9729082627421,28.3565500751138,42.3294583378559
"629",52.9206637507828,13.2882050611079,66.2088688118906
"630",2.43696567256779,63.7313921377063,66.1683578102741
"631",1.2774030429489,26.2468230351806,27.5242260781295
"632",7.63829077465084,3.17569622769952,10.8139870023504
"633",12.2057458414288,-6.20239835232496,6.00334748910379
"634",36.7986138350805,47.1572131104767,83.9558269455572
"635",47.5830889233881,37.4417608045042,85.0248497278922
"636",35.6012399316266,-9.5580448769033,26.0431950547233
"637",41.1370609997,39.7954759187996,80.9325369184997
"638",33.6301854197319,48.5767688788474,82.2069542985793
"639",58.5130319384337,3.98567140102386,62.4987033394576
"640",54.05115712008,37.4684962816536,91.5196534017337
"641",18.9404382522595,59.806810747832,78.7472490000916
"642",5.26610746806472,-4.62402269244194,0.642084775622784
"643",24.1136790246449,-5.81908881664276,18.2945902080022
"644",5.60809469870524,44.3894296139479,49.9975243126531
"645",32.2361773779608,-8.87368584051728,23.3624915374435
"646",53.6307876779668,26.253519859165,79.8843075371318
"647",37.7982494403419,35.1128910854459,72.9111405257878
"648",19.2327917141382,28.9043610170484,48.1371527311866
"649",31.5859425794015,28.6697992682457,60.2557418476472
"650",11.1840836040639,52.1509471908212,63.335030794885
"651",63.2171863824643,15.7939099706709,79.0110963531353
"652",6.72036925986799,37.0951238833368,43.8154931432048
"653",39.4314135397048,35.3547978890253,74.7862114287302
"654",7.62962357612777,55.158667769283,62.7882913454108
"655",44.3312544638868,4.21512445434928,48.5463789182361
"656",19.0376804989801,55.8185861259699,74.85626662495
"657",39.2310402067771,37.6485649682581,76.8796051750352
"658",55.6425604083254,23.5373843275011,79.1799447358265
"659",78.9508325729303,-9.96998875182079,68.9808438211095
"660",23.9075083053113,-1.43634218722582,22.4711661180855
"661",66.5106095438407,26.0424423518113,92.553051895652
"662",27.3073257757937,-6.23498717322946,21.0723386025643
"663",10.9055990263608,12.7388234063983,23.6444224327591
"664",75.6685882163087,17.9808859527111,93.6494741690198
"665",71.0064992637328,14.1912579536438,85.1977572173766
"666",22.3530236784887,51.5258352644742,73.8788589429629
"667",21.775964399665,-9.87441498786211,11.9015494118029
"668",56.8569299307391,8.32886109128594,65.185791022025
"669",58.9713025995317,17.5509278345203,76.522230434052
"670",8.02899823623928,11.8701112084091,19.8991094446483
"671",11.9978590050812,12.7258767932653,24.7237357983465
"672",67.5401166591328,-1.34825857356191,66.1918580855709
"673",35.9587446204881,5.49281498417258,41.4515596046607
"674",20.1520969525533,55.5535694770515,75.7056664296048
"675",52.0513945127758,38.0758280865848,90.1272225993606
"676",54.2636133745432,-2.79273731634021,51.470876058203
"677",43.3556429773813,11.0867453180254,54.4423882954067
"678",69.0067131220601,-6.23573971912265,62.7709734029375
"679",59.5359781170378,13.1122748740017,72.6482529910395
"680",27.9859032020937,26.0190301015973,54.004933303691
"681",40.8001124007976,48.6124360609232,89.4125484617208
"682",42.3793044933839,-9.91094810888171,32.4683563845022
"683",30.209223746534,41.3220132514834,71.5312369980175
"684",8.31924533693937,38.7761227786541,47.0953681155935
"685",43.9966191797934,22.8433663398027,66.8399855195961
"686",46.1377192770883,20.0850211828947,66.222740459983
"687",36.7801921570613,52.365153953433,89.1453461104943
"688",60.3133643449655,8.86355083435774,69.1769151793232
"689",6.59272538274261,27.0079859159887,33.6007112987313
"690",45.5081511278297,28.8488179817796,74.3569691096093
"691",9.71604955467179,15.8120016567409,25.5280512114127
"692",32.8531552743249,9.78711269795895,42.6402679722839
"693",13.2165448763997,37.8482673503458,51.0648122267455
"694",56.4269312491539,13.6891935816445,70.1161248307984
"695",23.6462534238317,59.6353696472943,83.281623071126
"696",34.0994913105184,15.3242069110274,49.4236982215458
"697",18.9340925630911,11.9386231340468,30.8727156971379
"698",17.1716123747209,28.337323050946,45.5089354256669
"699",2.46605662253175,31.0947941802442,33.5608508027759
"700",29.8267550736231,4.93794482201338,34.7646998956365
"701",12.7162900978281,59.4515579752624,72.1678480730905
"702",30.5067865262968,17.7117648720741,48.2185513983709
"703",51.8470209239544,35.0148158334196,86.861836757374
"704",26.566743415486,13.0490561947227,39.6157996102087
"705",12.4672582170626,4.68229966238141,17.149557879444
"706",29.7656062654839,59.1019272059202,88.8675334714041
"707",24.6927906167484,3.17291794344783,27.8657085601963
"708",14.9650204217436,6.13372471183538,21.098745133579
"709",67.388367369118,15.8566109211321,83.2449782902501
"710",36.5421377567243,14.9479176662862,51.4900554230105
"711",77.140807030952,9.46834522743215,86.6091522583842
"712",17.0965056876642,12.9466538503766,30.0431595380408
"713",52.5060788565797,36.3117329590023,88.817811815582
"714",30.559975198706,48.0444160848856,78.6043912835916
"715",40.9752734795221,47.9318657582763,88.9071392377984
"716",66.469000978668,27.0486081205308,93.5176090991989
"717",24.194920876075,57.5655447505414,81.7604656266165
"718",17.9323683869696,7.45063876733184,25.3830071543015
"719",52.8795600664733,-6.19691714644432,46.682642920029
"720",22.7626339307467,39.0505322441459,61.8131661748926
"721",62.7272949177006,2.50256333500146,65.2298582527021
"722",63.4792556639056,21.3368524343996,84.8161080983052
"723",70.0057661178221,14.975307751447,84.9810738692691
"724",26.8091950154319,14.9566122330725,41.7658072485044
"725",44.8526974742407,-3.70992140844464,41.1427760657961
"726",49.409397982927,45.6564045138657,95.0658024967927
"727",30.6840034280047,41.9885681010783,72.6725715290829
"728",15.7891372916703,61.3566256128252,77.1457629044955
"729",50.021152118818,6.17383472621441,56.1949868450324
"730",29.5153676128547,28.5559259355068,58.0712935483615
"731",17.6991391669624,6.16855289787054,23.867692064833
"732",33.695601937959,-4.70274645835161,28.9928554796074
"733",21.5223750066522,63.8460950925946,85.3684700992468
"734",36.1676602183844,41.884533315897,78.0521935342814
"735",35.4405113104613,44.0229089930654,79.4634203035266
"736",1.09183541954937,33.9525585994124,35.0443940189618
"737",24.9104681537055,23.9000426977873,48.8105108514928
"738",31.6166658421627,36.7383079603314,68.3549738024942
"739",41.7837298039124,14.4899260438979,56.2736558478103
"740",2.05626033217938,28.0016274377704,30.0578877699497
"741",45.6939926290254,53.3441982652255,99.0381908942508
"742",24.265846494212,-6.40686344355345,17.8589830506586
"743",11.7888761288488,26.1976266279817,37.9865027568305
"744",27.1126005320135,-1.48971527814865,25.6228852538649
"745",79.4071392444154,7.20682418170082,86.6139634261162
"746",64.7733431115861,9.84899637766948,74.6223394892556
"747",39.7457882043454,42.1431554667652,81.8889436711105
"748",29.3590065676664,38.5211238265038,67.8801303941701
"749",91.04454010672,-4.91680297128909,86.1277371354309
"750",22.1900271465979,28.6714070849121,50.8614342315099
"751",14.7218014751198,29.7430812753737,44.4648827504935
"752",26.4200001631407,-2.12646516039968,24.2935350027411
"753",14.1274613602191,21.7218556627631,35.8493170229822
"754",35.4876705285823,11.9151769950986,47.4028475236809
"755",64.7879636998643,3.21795880794525,68.0059225078096
"756",52.4376796520518,-6.93917898461223,45.4985006674395
"757",12.7555130726826,14.5310266874731,27.2865397601557
"758",32.5455943113827,-8.49942008033395,24.0461742310487
"759",17.3847792533393,2.95454207807779,20.3393213314171
"760",46.7356203276508,50.2837976999581,97.0194180276089
"761",37.5085532430852,14.0941270440817,51.6026802871668
"762",20.5186617437811,30.5618821457028,51.0805438894839
"763",42.1037683708415,-1.04315085336566,41.0606175174759
"764",24.6479124539104,16.1780513636768,40.8259638175872
"765",48.9418782003788,-4.72220348194242,44.2196747184364
"766",25.0643347064065,-3.14888482913375,21.9154498772727
"767",39.5637235009288,14.7239105030894,54.2876340040182
"768",40.8336305592165,52.3057645000517,93.1393950592683
"769",50.5131584424783,31.8569637410314,82.3701221835096
"770",4.17149022950284,66.555514857173,70.7270050866758
"771",77.9450271178059,6.24459156766534,84.1896186854712
"772",58.7026190894533,18.6029154807329,77.3055345701862
"773",45.1377400158553,31.073003411293,76.2107434271483
"774",13.3055876079814,4.54633286222816,17.8519204702095
"775",55.0987306918252,28.2969970628619,83.3957277546871
"776",37.0233571734499,35.93202104792,72.9553782213699
"777",60.4921474808323,13.7552053667605,74.2473528475928
"778",0.317350205546269,44.915077239275,45.2324274448212
"779",47.4170073871614,-9.00229129940271,38.4147160877587
"780",38.0502824718313,25.6142823770642,63.6645648488956
"781",38.3007405812962,51.7383350618184,90.0390756431146
"782",27.6043901934107,22.0474062301219,49.6517964235326
"783",62.2791474447557,25.5254039469494,87.8045513917051
"784",1.07174739573766,3.96604826673865,5.03779566247631
"785",22.7945361807036,-2.89734771475196,19.8971884659516
"786",43.0877636735681,22.1069790236652,65.1947426972333
"787",29.161575488059,4.71343850716948,33.8750139952285
"788",47.6710782648326,16.4788733050227,64.1499515698553
"789",34.2999889045387,28.7585000880063,63.0584889925449
"790",17.8918127688475,38.5126989893615,56.404511758209
"791",0.81925301975642,31.1878204718232,32.0070734915796
"792",46.219524257494,24.7956323996186,71.0151566571127
"793",51.4948897936861,19.4281973317265,70.9230871254126
"794",31.1832612556704,23.8338926620781,55.0171539177485
"795",16.6861584046174,21.4849510416389,38.1711094462562
"796",46.4141061695266,47.0472707413137,93.4613769108403
"797",28.215685383123,29.6151710487902,57.8308564319132
"798",36.0871281840517,19.1345545090735,55.2216826931251
"799",58.9247976797816,38.742537535727,97.6673352155087
"800",6.27275966034231,1.91934402942255,8.19210368976486
"801",31.8765715437416,9.75157862529158,41.6281501690332
"802",35.0148437905474,18.5884183272719,53.6032621178194
"803",33.9022610891603,56.4405489712953,90.3428100604556
"804",24.8301702860077,45.795323420316,70.6254937063237
"805",24.836981959988,41.6342740133405,66.4712559733284
"806",27.5806639291995,35.491389259696,63.0720531888955
"807",0.212195119124679,51.5707441978156,51.7829393169403
"808",24.8211118612852,22.2090742364526,47.0301860977378
"809",43.7935492927228,34.1108329594135,77.9043822521363
"810",23.7669557588439,-2.63654451817274,21.1304112406712
"811",64.793900468984,4.01201633736491,68.805916806349
"812",40.1827451325004,32.9983283951878,73.1810735276883
"813",13.9810182261899,45.1286857016385,59.1097039278284
"814",58.3184962101799,32.109455447644,90.4279516578239
"815",9.94264388563455,54.9124080874026,64.8550519730371
"816",7.75268684771887,5.01496640965343,12.7676532573723
"817",1.73328280501924,10.6519333645701,12.3852161695894
"818",34.679646660313,29.1397752426565,63.8194219029694
"819",44.8430356736029,3.56152083724737,48.4045565108503
"820",39.5420342243416,17.8917744942009,57.4338087185426
"821",32.043827291395,28.5871152207255,60.6309425121205
"822",11.0288240470313,5.39602391421795,16.4248479612492
"823",17.0306825053031,-8.71455764397979,8.31612486132328
"824",9.8287876131797,6.28102906048298,16.1098166736627
"825",44.0689106269101,31.3632677122951,75.4321783392052
"826",48.4596409104133,5.21231085062027,53.6719517610336
"827",9.31906420270228,18.9390924572945,28.2581566599967
"828",8.69976732913262,13.1270378269255,21.8268051560581
"829",22.5299035468261,22.4403621070087,44.9702656538348
"830",21.3060884977281,37.4746818095446,58.7807703072727
"831",20.6668527421436,22.843564953655,43.5104176957986
"832",2.90623774323297,23.4726688079536,26.3789065511866
"833",38.2354818341904,13.5686055198312,51.8040873540216
"834",28.9634168951963,49.8451562412083,78.8085731364046
"835",24.6690280985772,16.259355135262,40.9283832338392
"836",72.3155151403963,6.66803901040775,78.9835541508041
"837",1.34652949575662,22.6484388299286,23.9949683256853
"838",50.4681491262185,43.1719199568033,93.6400690830218
"839",37.696448180405,38.9031952619553,76.5996434423603
"840",65.4287402173885,9.57703040912747,75.0057706265159
"841",37.542530902785,34.9529848620296,72.4955157648146
"842",8.03879182343848,19.0629821270704,27.1017739505089
"843",66.3801187312137,-3.60705247148871,62.773066259725
"844",44.7834360694527,20.4034386388958,65.1868747083484
"845",33.487602880198,-1.76258193328977,31.7250209469083
"846",44.6862743574781,9.91622487083077,54.6024992283088
"847",52.5747318129139,10.4437597468495,63.0184915597635
"848",34.6168265521976,-5.99161587655544,28.6252106756422
"849",8.37225690180814,13.6761241219938,22.0483810238019
"850",48.4715751341944,37.5673386640847,86.0389137982791
"851",12.7374551544412,39.0246997214854,51.7621548759266
"852",25.6249016235894,43.9026128128171,69.5275144364065
"853",3.51457066077839,19.1800285875797,22.6945992483581
"854",52.6387010741039,-6.57079555094242,46.0679055231615
"855",21.367988302954,33.0791088566184,54.4470971595724
"856",29.4180980459649,47.2033231891692,76.621421235134
"857",38.8407395161411,29.371258597821,68.2119981139621
"858",5.52407378358079,-1.33013721113891,4.19393657244188
"859",39.6826460094312,23.6251427419484,63.3077887513796
"860",42.2839632273786,0.291222855448723,42.5751860828273
"861",32.1193084771949,35.3378840535879,67.4571925307829
"862",17.5930211105428,27.5585256889463,45.151546799489
"863",25.0650821476189,43.6457598768175,68.7108420244364
"864",17.1285162888286,39.2964010313153,56.4249173201439
"865",27.1464418704769,-0.230178460478783,26.9162634099981
"866",21.2303374310249,-8.08047760277987,13.149859828245
"867",18.7076051056881,41.2344400957227,59.9420452014108
"868",42.1792304095187,28.7490296177566,70.9282600272753
"869",43.7926813236893,2.74924319237471,46.541924516064
"870",15.852627651456,-1.13280806690455,14.7198195845514
"871",48.7443891531076,14.3589677475393,63.1033569006469
"872",12.2540442300274,19.5980491116643,31.8520933416917
"873",4.27364064012112,32.2089780122042,36.4826186523253
"874",52.5290002538719,25.2470747940242,77.7760750478961
"875",51.517715688728,26.0320123657584,77.5497280544865
"876",43.403992750823,-2.98773970454931,40.4162530462737
"877",36.6688370178867,9.81067273765802,46.4795097555447
"878",35.2301156757945,-4.87988075241446,30.3502349233801
"879",50.8863562424362,22.5074196234346,73.3937758658708
"880",51.9388707633913,37.5718648731709,89.5107356365621
"881",37.3383525607475,51.2538391910493,88.5921917517968
"882",17.0871313298467,2.96342499554157,20.0505563253883
"883",7.34960492894231,24.5490385964513,31.8986435253936
"884",0.804419613873719,43.2126743346453,44.017093948519
"885",55.1968114150714,30.9070393070579,86.1038507221293
"886",51.6750471529089,35.6073903292418,87.2824374821506
"887",24.0430347531428,4.21254511922598,28.2555798723688
"888",29.7422404982107,-8.98853087797761,20.7537096202331
"889",52.8440927136016,25.6934968303598,78.5375895439614
"890",4.52766890598422,8.07482918724418,12.6024980932284
"891",58.1281244653421,35.0131637230515,93.1412881883936
"892",36.4082906023074,-3.46730004996061,32.9409905523468
"893",10.4850191793801,19.3187608197331,29.8037799991132
"894",13.4968196739747,22.0768481679261,35.5736678419008
"895",12.8161373183038,41.5171543881297,54.3332917064335
"896",32.1378707606714,-6.27209611237049,25.865774648301
"897",21.071150643484,11.8074395880103,32.8785902314943
"898",19.0058337181955,49.5010280422866,68.5068617604822
"899",30.6564030682462,56.1775786615908,86.833981729837
"900",19.9222241755889,-8.83249580860138,11.0897283669876
"901",57.7840482943603,38.4051491133869,96.1891974077472
"902",58.0607129145372,19.0103698719567,77.0710827864939
"903",19.2829919614524,19.1682823374867,38.4512742989391
"904",22.9545884160869,47.5761616043746,70.5307500204616
"905",51.1601586508346,29.4293948778742,80.5895535287088
"906",41.7056544731442,-5.72134314104915,35.984311332095
"907",51.8049867373882,27.9925604553923,79.7975471927805
"908",59.1497320223911,23.4125455655158,82.5622775879069
"909",28.4545285508029,25.7340057753026,54.1885343261056
"910",20.883855818091,-1.41005408018827,19.4738017379028
"911",49.3635599298159,-9.99318260699511,39.3703773228208
"912",11.7758538242327,0.328816063702106,12.1046698879348
"913",9.38452034555897,4.60013013333082,13.9846504788898
"914",28.2263343571548,35.3469553031027,63.5732896602575
"915",46.4247547744899,42.4558492658802,88.8806040403701
"916",32.7092961922955,29.3852991051972,62.0945952974927
"917",83.2323926545023,6.0056827776134,89.2380754321157
"918",57.9811101388879,22.5752199627459,80.5563301016338
"919",32.6266430010522,12.8008261322975,45.4274691333497
"920",40.0564940812879,21.1303559504449,61.1868500317329
"921",71.4388877910451,15.2600767482382,86.6989645392833
"922",32.5595051059322,31.6755590029061,64.2350641088383
"923",31.0870147883942,11.8888423778117,42.9758571662059
"924",9.31297738240621,6.91910093650222,16.2320783189084
"925",47.3549739802759,45.0105170346796,92.3654910149556
"926",24.4610527728796,31.5803034417331,56.0413562146127
"927",34.4137994195073,53.8148282282054,88.2286276477127
"928",29.5144064131729,37.0361029915512,66.550509404724
"929",4.56164397904993,6.77383264048135,11.3354766195313
"930",24.3328647651713,68.7668304331601,93.0996951983313
"931",13.7604748353548,51.0045393742621,64.7650142096169
"932",60.1203230831491,3.89698287472128,64.0173059578704
"933",65.6766460834608,6.09908639413426,71.775732477595
"934",15.1532844839701,7.36897639930248,22.5222608832726
"935",18.7766998754438,2.6229758374393,21.3996757128831
"936",3.38672719298192,41.3430436514318,44.7297708444137
"937",49.8928052767476,6.31474560126662,56.2075508780142
"938",53.5177866723826,33.4403375349939,86.9581242073764
"939",32.8303437144561,64.1723141074181,97.0026578218742
"940",31.6296785232399,44.1397136449814,75.7693921682213
"941",71.9473256313833,20.7150135561824,92.6623391875657
"942",37.6841838804978,15.8831438980997,53.5673277785974
"943",25.010613386783,10.4280846752226,35.4386980620057
"944",45.0301130270218,37.6228528097272,82.652965836749
"945",71.5564720142435,24.7220644727349,96.2785364869784
"946",48.9508760036888,4.20587200671434,53.1567480104031
"947",16.7807622113909,7.15870980173349,23.9394720131244
"948",65.6190537843058,-3.92756379895022,61.6914899853556
"949",52.7901197951772,13.1704302690923,65.9605500642695
"950",26.7271072462419,18.1666318699718,44.8937391162137
"951",53.0436539096622,37.9038814882976,90.9475353979598
"952",46.1791147985374,8.24480038136244,54.4239151798998
"953",73.3189274508916,10.9469898328799,84.2659172837715
"954",0.765358906788808,43.9948862977326,44.7602452045214
"955",16.3767563820435,47.1481063589454,63.5248627409889
"956",51.831544120013,24.5877791382372,76.4193232582503
"957",26.7536851760387,15.5811360292137,42.3348212052523
"958",10.7394786820425,10.8985122852027,21.6379909672452
"959",36.9606257778635,26.1672513373196,63.1278771151831
"960",48.2992310151486,16.3790395110846,64.6782705262331
"961",65.4287495864225,-3.78686474636197,61.6418848400606
"962",9.25303957667126,3.39623149484396,12.6492710715152
"963",64.4436865122653,7.28555430824017,71.7292408205054
"964",11.8039297569071,29.5383855141699,41.3423152710771
"965",18.0049257477517,14.5078751817346,32.5128009294863
"966",41.0257243631258,52.850697953254,93.8764223163798
"967",30.6010714450784,66.6622723266482,97.2633437717266
"968",65.2802443995407,11.954713948071,77.2349583476117
"969",53.0954749881148,42.394572198391,95.4900471865057
"970",47.0714205746697,31.2287472188473,78.3001677935169
"971",72.0162851375682,-2.71543384605607,69.3008512915121
"972",18.7847995017457,61.7094215191901,80.4942210209357
"973",44.1374538259972,0.804364159703255,44.9418179857004
"974",59.4297171166865,21.7933577671647,81.2230748838512
"975",20.6291528034117,1.58534044399858,22.2144932474102
"976",31.1806138799279,19.7753182798624,50.9559321597903
"977",4.92465479257408,8.63806370645761,13.5627184990317
"978",24.3303327473049,8.92176583409309,33.252098581398
"979",54.2056022841492,30.0670336931944,84.2726359773436
"980",45.4669957218668,46.7041222006083,92.1711179224751
"981",23.1244192205745,1.0642846301198,24.1887038506943
"982",20.2506122694848,16.8406302668154,37.0912425363003
"983",30.2099212135801,0.487139206379652,30.6970604199597
"984",14.4680588589667,16.1344043910503,30.6024632500171
"985",4.49910180817449,18.5879659838974,23.0870677920719
"986",30.8205804260006,2.11157107725739,32.932151503258
"987",46.2445900060999,51.3162029348314,97.5607929409313
"988",13.0635666909487,39.646419622004,52.7099863129527
"989",39.1307442244997,32.1926558762789,71.3234001007785
"990",35.4391854822589,24.794961232692,60.2341467149509
"991",23.3736376705969,51.6377369686961,75.011374639293
"992",13.0720224983761,35.3670025244355,48.4390250228117
"993",61.5622553823579,19.2661632307132,80.8284186130711
"994",39.9441046593143,10.2573420107365,50.2014466700508
"995",22.1556193364603,9.36318187043071,31.518801206891
"996",39.301163476417,18.905090726912,58.206254203329
"997",17.2224881503297,47.8252324089408,65.0477205592705
"998",62.5046022215226,-7.13347570970654,55.3711265118161
"999",33.7933414191672,23.9691611751914,57.7625025943586
"1000",24.4167881388328,16.9936924614012,41.4104806002341
