"student_id","pre","gain","post"
"1",82.8215432970099,-4.21996398599345,78.6015793110164
"2",42.9281156050875,2.58300311784347,45.5111187229309
"3",60.0455352470095,6.26351219968095,66.3090474466904
"4",20.2166982710097,0.189228584939993,20.4059268559497
"5",28.2399388978976,4.23229898646329,32.4722378843609
"6",48.8542312785136,-0.0645764227708767,48.7896548557427
"7",21.979135610788,-0.943086632482487,21.0360489783055
"8",58.9994394906776,5.33528815157197,64.3347276422495
"9",30.3822560479088,-6.75897345752978,23.623282590379
"10",37.0336756788828,8.09173021373746,45.1254058926203
"11",15.6987622823454,4.7451677390836,20.443930021429
"12",16.3695881922753,4.1834903081905,20.5530785004658
"13",40.4264021812622,-7.9471862076515,32.4792159736107
"14",45.575689400783,3.17899880943341,48.7546882102164
"15",40.7802694452841,11.5397667454289,52.320036190713
"16",7.89661331012665,-5.42322337968154,2.47338993044511
"17",38.0234962466389,0.488369263209236,38.5118655098482
"18",28.5742714056758,11.0594322877073,39.633703693383
"19",28.9682066352514,-0.472035666985278,28.4961709682661
"20",9.66294189930487,10.4650621335807,20.1280040328856
"21",35.4782962456506,-3.9323586161475,31.5459376295031
"22",54.1451870527158,6.09182869550107,60.2370157482169
"23",20.280481036407,10.4477957476061,30.7282767840131
"24",61.9661267490124,1.36366106664027,63.3297878156527
"25",60.2433709184883,4.11678827336996,64.3601591918583
"26",24.8241851089501,4.95507712729173,29.7792622362418
"27",25.875002316169,-3.47127112488603,22.403731191283
"28",31.4944811371496,5.63558620209215,37.1300673392418
"29",74.1869320305841,11.532584353776,85.7195163843601
"30",54.5273951226336,10.255732535521,64.7831276581546
"31",18.2507504758508,6.64247198728146,24.8932224631322
"32",82.1664320436342,9.75044709275377,91.9168791363879
"33",23.367195754663,10.4243869161744,33.7915826708374
"34",63.107412641893,-1.26751676953093,61.8398958723621
"35",24.371596280198,5.59462265680525,29.9662189370033
"36",22.2434362244743,-1.34423236284321,20.8992038616311
"37",80.5951973672445,14.8669173606193,95.4621147278638
"38",26.6483084259189,1.07612166734799,27.7244300932669
"39",50.6756432797973,2.63051537989411,53.3061586596914
"40",40.6249610162827,10.6337692856774,51.2587303019601
"41",16.0371941914834,10.4412665811174,26.4784607726008
"42",80.2384927386198,8.10307680377927,88.3415695423991
"43",30.9498180787935,11.9308449257019,42.8806630044954
"44",35.3044852324479,1.01441820498906,36.3189034374369
"45",8.32368361296468,5.0930126664046,13.4166962793693
"46",27.016818667169,8.09402190400262,35.1108405711716
"47",41.682362858599,-1.67989001560649,40.0024728429925
"48",23.7484343313589,4.38043372421034,28.1288680555692
"49",18.0072262119778,1.06753184451104,19.0747580564888
"50",53.7174431076039,13.0757335275339,66.7931766351378
"51",54.4352340395596,0.0493534437908423,54.4845874833504
"52",40.7601659364643,-1.69125769641249,39.0689082400518
"53",38.5731672643154,-0.916789106426712,37.6563781578887
"54",25.924528713971,2.20907552845346,28.1336042424244
"55",59.4420012880564,1.18521013017906,60.6272114182355
"56",30.2242185967091,-4.99093752978682,25.2332810669223
"57",34.6880239165654,-5.37391235596231,29.3141115606031
"58",20.5005423586454,6.19408459065895,26.6946269493043
"59",43.143341836788,0.383690278469359,43.5270321152573
"60",18.5724800384256,-5.51637297188656,13.0561070665391
"61",18.6968233548767,-3.4639318243752,15.2328915305015
"62",39.1197703493438,-3.73815727199954,35.3816130773442
"63",71.9152876802009,-5.47125204805431,66.4440356321466
"64",53.5736080768976,-6.27237682656286,47.3012312503348
"65",35.5914665088562,1.6757358811742,37.2672023900304
"66",49.1805394570951,-3.49416092509629,45.6863785319988
"67",43.7211220659436,-2.02084516137816,41.7002769045655
"68",42.6203314560932,4.40282565638533,47.0231571124785
"69",50.5536995404908,-1.42317736837153,49.1305221721193
"70",39.8389534662029,-5.23203292582524,34.6069205403777
"71",55.0820625415136,-2.47462891260265,52.607433628911
"72",2.21580810805978,5.26731496454264,7.48312307260242
"73",26.1758414200923,-4.51703172271919,21.6588096973731
"74",12.2812826131563,12.4532729708378,24.7345555839941
"75",32.6428035787969,3.26672067713847,35.9095242559353
"76",35.0584446057578,11.0492680899406,46.1077126956984
"77",21.6553042041797,2.55807629685988,24.2133805010395
"78",37.3875247463923,2.74159444656612,40.1291191929584
"79",29.8101393536299,0.92284421439825,30.7329835680281
"80",71.509856833701,2.52341187500414,74.0332687087052
"81",28.0033027725762,-7.3354948817729,20.6678078908033
"82",3.86630316861032,4.45970442729203,8.32600759590234
"83",26.1558753012092,-5.60037414808497,20.5555011531242
"84",0.691736309758053,3.04911181731421,3.74084812707227
"85",50.7039848732122,4.23317168178428,54.9371565549964
"86",68.3022091902,3.78815840188575,72.0903675920857
"87",38.3098286520622,-3.82913560906174,34.4806930430005
"88",39.4574809716638,-4.05608792698532,35.4013930446784
"89",59.5923742960102,-0.458692580746536,59.1336817152637
"90",23.4703653596113,0.425741677837681,23.8961070374489
"91",45.2692372121851,12.1115506758673,57.3807878880525
"92",2.5790694253298,-2.5790694253298,0
"93",45.3824453938303,11.674794650414,57.0572400442443
"94",47.3809070502943,-1.0235137510598,46.3573932992345
"95",54.8966578207391,-3.06940127652915,51.82725654421
"96",65.4678339891854,-3.0207259490828,62.4471080401026
"97",25.6188831341053,-1.16810190210031,24.450781232005
"98",31.9867541435972,2.39299744093422,34.3797515845314
"99",27.0214552179606,12.4544026551628,39.4758578731234
"100",5.19456411927016,3.77307582130598,8.96763994057614
